101 0 0.0
102 20 0.0
103 40 0.0
104 60 0.0
105 80 0.0
106 100 0.0
107 120 0.0
108 140 0.0
109 160 0.0
110 180 0.0
111 200 0.0
112 220 0.0
113 240 0.0
114 260 0.0
115 280 0.0
116 300 0.0
117 320 0.0
118 340 0.0
119 360 0.0
120 380 0.0
121 400 0.0
122 420 0.0
123 440 0.0
124 460 0.0
125 480 0.0
126 500 0.0
127 520 0.0
128 540 0.0
129 560 0.0
130 580 0.0
201 0 1000
202 20 1000
203 40 1000
204 60 1000
205 80 1000
206 100 1000
207 120 1000
208 140 1000
209 160 1000
210 180 1000
211 200 1000
212 220 1000
213 240 1000
214 260 1000
215 280 1000
216 300 1000
217 320 1000
218 340 1000
219 360 1000
220 380 1000
221 400 1000
222 420 1000
223 440 1000
224 460 1000
225 480 1000
226 500 1000
227 520 1000
228 540 1000
229 560 1000
230 580 1000
301 0 2000
302 20 2000
303 40 2000
304 60 2000
305 80 2000
306 100 2000
307 120 2000
308 140 2000
309 160 2000
310 180 2000
311 200 2000
312 220 2000
313 240 2000
314 260 2000
315 280 2000
316 300 2000
317 320 2000
318 340 2000
319 360 2000
320 380 2000
321 400 2000
322 420 2000
323 440 2000
324 460 2000
325 480 2000
326 500 2000
327 520 2000
328 540 2000
329 560 2000
330 580 2000
401 0 3000
402 20 3000
403 40 3000
404 60 3000
405 80 3000
406 100 3000
407 120 3000
408 140 3000
409 160 3000
410 180 3000
411 200 3000
412 220 3000
413 240 3000
414 260 3000
415 280 3000
416 300 3000
417 320 3000
418 340 3000
419 360 3000
420 380 3000
421 400 3000
422 420 3000
423 440 3000
424 460 3000
425 480 3000
426 500 3000
427 520 3000
428 540 3000
429 560 3000
430 580 3000
